[gd_scene load_steps=9 format=2]

[ext_resource path="res://assets/Steve.tscn" type="PackedScene" id=1]
[ext_resource path="res://scripts/Steve.gd" type="Script" id=2]
[ext_resource path="res://assets/new_env.tres" type="Environment" id=3]

[sub_resource type="BoxShape" id=1]

[sub_resource type="CubeMesh" id=2]

[sub_resource type="BoxShape" id=3]
extents = Vector3( 15, 1, 15 )

[sub_resource type="SpatialMaterial" id=5]
albedo_color = Color( 0.447059, 1, 0.396078, 1 )

[sub_resource type="CubeMesh" id=4]
material = SubResource( 5 )
size = Vector3( 30, 2, 30 )

[node name="Level" type="Spatial"]

[node name="Box" type="RigidBody" parent="."]
transform = Transform( 0.908085, -0.418787, 0, 0.418787, 0.908085, 0, 0, 0, 1, 0, 3.65259, -2.78831 )

[node name="CollisionShape" type="CollisionShape" parent="Box"]
shape = SubResource( 1 )

[node name="MeshInstance" type="MeshInstance" parent="Box"]
mesh = SubResource( 2 )
material/0 = null

[node name="Floor" type="StaticBody" parent="."]
transform = Transform( 1, 0, 0, 0, 1, 0, 0, 0, 1, 0, -1, 0 )

[node name="CollisionShape" type="CollisionShape" parent="Floor"]
shape = SubResource( 3 )

[node name="MeshInstance" type="MeshInstance" parent="Floor"]
mesh = SubResource( 4 )
material/0 = null

[node name="Steve" parent="." instance=ExtResource( 1 )]
transform = Transform( 1, 0, 0, 0, 1, 0, 0, 0, 1, 0, 1, 12.309 )
script = ExtResource( 2 )

[node name="CameraTarget" type="Spatial" parent="Steve"]
transform = Transform( 0.999995, -0.00325634, 0.000659299, 0.00329484, 0.997487, -0.0707766, -0.000427162, 0.0707784, 0.997492, 0, 3.3609, 7.80772 )

[node name="InterpolatedCamera" type="InterpolatedCamera" parent="."]
transform = Transform( 1, 0, 0, 0, 0.993925, 0.110064, 0, -0.110064, 0.993925, 0, 6.78075, 37.3696 )
environment = ExtResource( 3 )
target = NodePath("../Steve/CameraTarget")
speed = 5.0
enabled = true

[node name="DirectionalLight" type="DirectionalLight" parent="."]
transform = Transform( 1, 0, 0, 0, -0.301754, 0.953386, 0, -0.953386, -0.301754, 0, 18.3532, 0 )
light_energy = 1.5
shadow_enabled = true
directional_shadow_max_distance = 40.0
